torch.Size([64, 137]), torch.Size([64])
0) (51, 4),                         (71, 22), (6,)
1) (27, 4),                         (4, 22), (6,)
2) (47, 4),                         (57, 22), (6,)
3) (46, 4),                         (76, 22), (6,)
4) (31, 4),                         (4, 22), (6,)
5) (18, 4),                         (10, 22), (6,)
6) (62, 4),                         (50, 22), (6,)
7) (44, 4),                         (83, 22), (6,)
8) (10, 4),                         (1, 22), (6,)
9) (21, 4),                         (5, 22), (6,)
10) (3, 4),                         (1, 22), (6,)
11) (53, 4),                         (30, 22), (6,)
12) (62, 4),                         (50, 22), (6,)
13) (2, 4),                         (1, 22), (6,)
14) (33, 4),                         (44, 22), (6,)
15) (59, 4),                         (37, 22), (6,)
16) (37, 4),                         (49, 22), (6,)
17) (25, 4),                         (1, 22), (6,)
18) (34, 4),                         (24, 22), (6,)
19) (37, 4),                         (28, 22), (6,)
20) (35, 4),                         (41, 22), (6,)
21) (12, 4),                         (1, 22), (6,)
22) (51, 4),                         (30, 22), (6,)
23) (34, 4),                         (2, 22), (6,)
24) (80, 4),                         (46, 22), (6,)
25) (3, 4),                         none, (6,)
26) (33, 4),                         (2, 22), (6,)
27) (24, 4),                         (18, 22), (6,)
28) (17, 4),                         (1, 22), (6,)
29) (6, 4),                         (1, 22), (6,)
30) (11, 4),                         (1, 22), (6,)
31) (12, 4),                         (1, 22), (6,)
32) (16, 4),                         (9, 22), (6,)
33) (4, 4),                         (1, 22), (6,)
34) (36, 4),                         (41, 22), (6,)
35) (35, 4),                         (41, 22), (6,)
36) (9, 4),                         (1, 22), (6,)
37) (9, 4),                         (4, 22), (6,)
38) (12, 4),                         (1, 22), (6,)
39) (49, 4),                         (29, 22), (6,)
40) (17, 4),                         (1, 22), (6,)
41) (36, 4),                         (43, 22), (6,)
42) (8, 4),                         (1, 22), (6,)
43) (20, 4),                         (1, 22), (6,)
44) (34, 4),                         (41, 22), (6,)
45) (61, 4),                         (50, 22), (6,)
46) (37, 4),                         (2, 22), (6,)
47) (34, 4),                         (20, 22), (6,)
48) (53, 4),                         (36, 22), (6,)
49) (51, 4),                         (35, 22), (6,)
50) (61, 4),                         (50, 22), (6,)
51) (12, 4),                         (1, 22), (6,)
52) (19, 4),                         (2, 22), (6,)
53) (28, 4),                         (27, 22), (6,)
54) (43, 4),                         (84, 22), (6,)
55) (44, 4),                         (80, 22), (6,)
56) (84, 4),                         (52, 22), (6,)
57) (53, 4),                         (36, 22), (6,)
58) (28, 4),                         (2, 22), (6,)
59) (53, 4),                         (30, 22), (6,)
60) (34, 4),                         (23, 22), (6,)
61) (53, 4),                         (30, 22), (6,)
62) (35, 4),                         (3, 22), (6,)
63) (8, 4),                         (1, 22), (6,)
